bez HBC

16.6667 -4.16667 0 0 -4.16666 -8.33333 0 0 0 0 0 0 0 0 0 0
-4.16667 33.3333 -4.16667 0 -8.33333 -8.33333 -8.33333 0 0 0 0 0 0 0 0 0
0 -4.16667 33.3333 -4.16667 0 -8.33333 -8.33333 -8.33333 0 0 0 0 0 0 0 0
0 0 -4.16667 16.6667 0 0 -8.33333 -4.16667 0 0 0 0 0 0 0 0
-4.16666 -8.33333 0 0 33.3333 -8.33333 0 0 -4.16666 -8.33333 0 0 0 0 0 0
-8.33333 -8.33333 -8.33333 0 -8.33333 66.6667 -8.33333 0 -8.33333 -8.33333 -8.33333 0 0 0 0 0
0 -8.33333 -8.33333 -8.33333 0 -8.33333 66.6667 -8.33333 0 -8.33333 -8.33333 -8.33333 0 0 0 0
0 0 -8.33333 -4.16667 0 0 -8.33333 33.3333 0 0 -8.33333 -4.16667 0 0 0 0
0 0 0 0 -4.16666 -8.33333 0 0 33.3333 -8.33333 0 0 -4.16667 -8.33333 0 0
0 0 0 0 -8.33333 -8.33333 -8.33333 0 -8.33333 66.6667 -8.33333 0 -8.33333 -8.33333 -8.33333 0
0 0 0 0 0 -8.33333 -8.33333 -8.33333 0 -8.33333 66.6667 -8.33333 0 -8.33333 -8.33333 -8.33333
0 0 0 0 0 0 -8.33333 -4.16667 0 0 -8.33333 33.3333 0 0 -8.33333 -4.16667
0 0 0 0 0 0 0 0 -4.16667 -8.33333 0 0 16.6667 -4.16667 0 0
0 0 0 0 0 0 0 0 -8.33333 -8.33333 -8.33333 0 -4.16667 33.3333 -4.16666 0
0 0 0 0 0 0 0 0 0 -8.33333 -8.33333 -8.33333 0 -4.16666 33.3333 -4.16666
0 0 0 0 0 0 0 0 0 0 -8.33333 -4.16667 0 0 -4.16666 16.6667

z HBC

16.6667 -4.16667 0 0 -4.16666 -8.33333 0 0 0 0 0 0 0 0 0 0
-4.16667 33.6111 -4.16667 0 -8.33333 -8.19444 -8.33333 0 0 0 0 0 0 0 0 0
0 -4.16667 33.8889 -4.02778 0 -8.33333 -8.19444 -8.33333 0 0 0 0 0 0 0 0
0 0 -4.02778 17.2222 0 0 -8.33333 -4.02778 0 0 0 0 0 0 0 0
-4.16666 -8.33333 0 0 33.6111 -8.19444 0 0 -4.16666 -8.33333 0 0 0 0 0 0
-8.33333 -8.19444 -8.33333 0 -8.19444 67.2222 -8.33333 0 -8.33333 -8.33333 -8.33333 0 0 0 0 0
0 -8.33333 -8.19444 -8.33333 0 -8.33333 67.2222 -8.19444 0 -8.33333 -8.33333 -8.33333 0 0 0 0
0 0 -8.33333 -4.02778 0 0 -8.19444 33.8889 0 0 -8.33333 -4.16667 0 0 0 0
0 0 0 0 -4.16666 -8.33333 0 0 33.8889 -8.19444 0 0 -4.02778 -8.33333 0 0
0 0 0 0 -8.33333 -8.33333 -8.33333 0 -8.19444 67.2222 -8.33333 0 -8.33333 -8.19444 -8.33333 0
0 0 0 0 0 -8.33333 -8.33333 -8.33333 0 -8.33333 67.2222 -8.19444 0 -8.33333 -8.19445 -8.33333
0 0 0 0 0 0 -8.33333 -4.16667 0 0 -8.19444 33.6111 0 0 -8.33333 -4.16667
0 0 0 0 0 0 0 0 -4.02778 -8.33333 0 0 17.2222 -4.02778 0 0
0 0 0 0 0 0 0 0 -8.33333 -8.19444 -8.33333 0 -4.02778 33.8889 -4.16666 0
0 0 0 0 0 0 0 0 0 -8.33333 -8.19445 -8.33333 0 -4.16666 33.6111 -4.16666
0 0 0 0 0 0 0 0 0 0 -8.33333 -4.16667 0 0 -4.16666 16.6667